F 1824.84 1880.66 3.71755 
E 0 100 100 0.174533
F 1824.84 1880.66 3.71755 
E 0 100 100 0.174533
F 1824.84 1880.66 3.71755 
E 0 100 100 0.174533
F 1824.84 1880.66 3.71755 
E 0 100 100 0.174533
F 1824.84 1880.66 3.71755 
E 0 100 100 0.174533
F 1824.84 1880.66 3.71755 
E 0 100 100 0.174533
F 1824.84 1880.66 3.71755 
E 0 100 100 0.174533
F 1824.84 1880.66 3.71755 
E 0 100 100 0.174533
F 1824.84 1880.66 3.71755 
E 0 100 100 0.174533
F 1824.84 1880.66 3.71755 
E 0 100 100 0.174533
F 1824.84 1880.66 3.71755 
E 0 100 100 0.174533
F 1824.84 1880.66 3.71755 
E 0 100 100 0.174533
F 1804.06 1867.17 3.71755 
E 2.14676 100.098 100.188 0.191633
F 1766.89 1843.03 3.71755 
E -2.56564 100.787 100.873 0.238237
F 1729.21 1818.7 3.7153 
E -2.56581 101.396 102.764 0.277976
F 1691.4 1794.26 3.7153 
E -2.56646 102.006 106.113 0.312954
F 1691.4 1794.26 3.7153 
E -2.56646 102.006 106.113 0.312954
F 1653.88 1770.02 3.7153 
E -2.56686 102.604 111.113 0.343934
F 1616.27 1745.58 3.71755 
E -2.56688 103.202 117.946 0.372564
F 1578.6 1721.25 3.7153 
E -2.56687 103.798 126.63 0.399147
F 1540.99 1696.82 3.71755 
E -2.56686 104.389 137.112 0.424066
F 1540.99 1696.82 3.71755 
E -2.56686 104.389 137.112 0.424066
F 1503.32 1672.49 3.7153 
E -2.56684 104.978 149.29 0.4476
F 1465.71 1648.05 3.71755 
E -2.56683 105.563 163.038 0.469956
F 1465.71 1648.05 3.71755 
E -2.56683 105.563 163.038 0.469956
F 1428.04 1623.72 3.7153 
E -2.56682 106.145 178.224 0.491297
F 1390.44 1599.28 3.71755 
E -2.56682 106.724 194.723 0.511748
F 1352.76 1574.96 3.7153 
E -2.56681 107.3 212.423 0.531413
F 1315.16 1550.52 3.71755 
E -2.5668 107.872 231.228 0.550376
F 1277.48 1526.19 3.7153 
E -2.5668 108.442 251.052 0.568707
F 1277.48 1526.19 3.7153 
E -2.5668 108.442 251.052 0.568707
F 1239.88 1501.75 3.71755 
E -2.56679 109.008 271.826 0.586465
F 1202.2 1477.43 3.7153 
E -2.56679 109.572 293.488 0.603701
F 1164.39 1452.99 3.7153 
E -2.56688 110.137 316.074 0.620584
F 1164.39 1452.99 3.7153 
E -2.56688 110.137 316.074 0.620584
F 1126.87 1428.75 3.7153 
E -2.56696 110.691 339.274 0.636769
F 1089.26 1404.31 3.71755 
E -2.56694 111.246 363.316 0.652678
F 1051.59 1379.98 3.7153 
E -2.56693 111.798 388.077 0.668208
F 1013.78 1355.55 3.7153 
E -2.567 112.352 413.627 0.6835
F 1013.78 1355.55 3.7153 
E -2.567 112.352 413.627 0.6835
F 976.256 1331.3 3.7153 
E -2.56705 112.895 439.641 0.698228
F 938.652 1306.86 3.71755 
E -2.56704 113.439 466.396 0.712766
F 900.976 1282.54 3.7153 
E -2.56702 113.981 493.772 0.727014
F 900.976 1282.54 3.7153 
E -2.56702 113.981 493.772 0.727014
F 863.373 1258.1 3.71755 
E -2.56701 114.52 521.748 0.740988
F 825.697 1233.77 3.7153 
E -2.567 115.057 550.31 0.754703
F 787.884 1209.34 3.7153 
E -2.56704 115.595 579.555 0.768275
F 749.778 1184.71 3.7153 
E -2.56709 116.139 609.593 0.781817
F 749.778 1184.71 3.7153 
E -2.56709 116.139 609.593 0.781817
F 712.175 1160.27 3.71755 
E -2.56707 116.668 639.832 0.794828
F 674.498 1135.95 3.7153 
E -2.56706 117.195 670.602 0.807629
F 636.896 1111.51 3.71755 
E -2.56705 117.719 701.892 0.820231
F 636.896 1111.51 3.71755 
E -2.56705 117.719 701.892 0.820231
F 599.219 1087.18 3.7153 
E -2.56703 118.242 733.693 0.832642
F 561.616 1062.74 3.71755 
E -2.56702 118.761 765.994 0.844871
F 523.94 1038.41 3.7153 
E -2.56701 119.279 798.786 0.856925
F 523.94 1038.41 3.7153 
E -2.56701 119.279 798.786 0.856925
F 486.337 1013.98 3.71755 
E -2.567 119.794 832.061 0.868812
F 448.661 989.649 3.7153 
E -2.56699 120.308 865.81 0.880538
F 411.447 964.618 3.73106 
E -2.56672 120.823 900.026 0.892217
F 377.442 935.798 3.82788 
E -2.56438 121.5 934.354 0.907505
F 377.442 935.798 3.82788 
E -2.56438 121.5 934.354 0.907505
F 345.913 903.559 3.92245 
E -2.55862 122.192 969.21 0.922617
F 317.775 868.54 4.01927 
E -2.54979 123 1003.78 0.93758
F 293.164 831.171 4.11384 
E -2.53818 124.086 1037.81 0.952047
F 272.19 791.646 4.2084 
E -2.52404 125.703 1071.21 0.966297
F 272.19 791.646 4.2084 
E -2.52404 125.703 1071.21 0.966297
F 255.227 750.425 4.30522 
E -2.50762 128.129 1103.61 0.980431
F 242.083 707.104 4.40204 
E -2.48877 131.734 1135.42 0.994685
F 233.46 663.726 4.49886 
E -2.46844 136.646 1165.22 1.00827
F 228.722 619.061 4.59118 
E -2.44607 143.273 1194.06 1.02165
F 228.722 619.061 4.59118 
E -2.44607 143.273 1194.06 1.02165
F 232.58 573.428 4.76905 
E -2.42097 152.33 1220.62 1.04386
F 244.99 530.383 4.96044 
E -2.39353 163.906 1242.02 1.06698
F 264.483 490.864 5.13832 
E -2.36427 178.155 1258.02 1.08753
F 264.483 490.864 5.13832 
E -2.36427 178.155 1258.02 1.08753
F 288.138 457.11 5.28918 
E 0.806047 193.982 1268.51 1.10348
F 317.406 426.613 5.44454 
E 0.83629 212.446 1274.82 1.12007
F 350.24 401.147 5.59089 
E 0.866372 232.461 1276.6 1.13522
F 350.24 401.147 5.59089 
E 0.866372 232.461 1276.6 1.13522
F 386.355 380.939 5.7395 
E 0.896225 253.821 1274.03 1.15034
F 424.165 365.996 5.8746 
E 0.925068 275.814 1267.43 1.16372
F 465.606 356.804 6.03221 
E 0.954099 299.342 1256.21 1.17976
F 507.236 353.896 6.18082 
E 0.980937 322.561 1240.83 1.19444
F 507.236 353.896 6.18082 
E 0.980937 322.561 1240.83 1.19444
F 548.489 357.194 0.0462367 
E 1.00524 345.184 1221.66 1.20881
F 589.105 366.83 0.199346 
E 1.02658 367.024 1198.65 1.22357
F 627.85 382.332 0.347953 
E 1.04385 387.287 1172.45 1.23773
F 627.85 382.332 0.347953 
E 1.04385 387.287 1172.45 1.23773
F 669.055 399.154 0.381727 
E 1.05905 408.115 1143 1.24622
F 710.629 415.971 0.383979 
E 1.0732 429.966 1113.98 1.25442
F 752.253 432.662 0.381727 
E 1.08657 453.153 1086.1 1.26257
F 793.386 449.173 0.381727 
E 1.09874 477.425 1059.73 1.27048
F 793.386 449.173 0.381727 
E 1.09874 477.425 1059.73 1.27048
F 834.96 465.99 0.383979 
E 1.10946 503.291 1034.23 1.27853
F 876.703 482.856 0.383979 
E 1.118 530.56 1009.86 1.28659
F 918.769 499.852 0.383979 
E 1.12353 559.348 986.642 1.29472
F 960.393 516.543 0.381727 
E 1.12472 589.054 965.09 1.30262
F 960.393 516.543 0.381727 
E 1.12472 589.054 965.09 1.30262
F 1001.97 533.359 0.383979 
E 1.11959 619.839 945.018 1.31047
F 1043.06 549.963 0.383979 
E 1.10491 651.064 926.804 1.31809
F 1084.81 566.829 0.383979 
E 1.07437 683.222 910.344 1.32591
F 1084.81 566.829 0.383979 
E 1.07437 683.222 910.344 1.32591
F 1126.22 583.563 0.383979 
E 1.01754 714.754 896.805 1.33356
F 1167.97 600.429 0.383979 
E 0.913689 744.397 887.668 1.34128
F 1209.39 617.164 0.383979 
E -2.40043 768.101 886.595 1.34885
F 1251.13 634.029 0.383979 
E -2.62267 781.355 898.374 1.35649
F 1251.13 634.029 0.383979 
E -2.62267 781.355 898.374 1.35649
F 1291.98 651.677 0.404243 
E -2.80412 782.89 923.21 1.36403
F 1331.34 674.046 0.501062 
E -2.90983 775.346 956.791 1.37431
F 1365.66 703.015 0.672185 
E -2.95188 760.628 992.701 1.38995
F 1365.66 703.015 0.672185 
E -2.95188 760.628 992.701 1.38995
F 1393.89 738.242 0.863572 
E -2.9543 739.944 1027.4 1.40751
F 1414.46 774.784 1.02344 
E -2.93631 716.969 1056.7 1.42084
F 1429.61 813.656 1.16754 
E -2.90801 691.83 1082.64 1.43269
F 1429.61 813.656 1.16754 
E -2.90801 691.83 1082.64 1.43269
F 1438.74 853.837 1.31389 
E -2.87398 665.502 1104.83 1.44447
F 1442.3 894.516 1.45124 
E -2.83639 638.458 1123.26 1.45536
F 1439.73 936.168 1.59985 
E -2.79543 610.414 1138.24 1.46728
F 1430.19 972.249 1.77548 
E -2.75687 585.393 1147.32 1.48019
F 1430.19 972.249 1.77548 
E -2.75687 585.393 1147.32 1.48019
F 1414.19 1005.62 1.96011 
E -2.71705 561.071 1151.28 1.49375
F 1392.53 1035.6 2.14024 
E -2.67663 537.979 1150.16 1.50677
F 1365.84 1061.22 2.32037 
E -2.63664 516.873 1144.19 1.51967
F 1365.84 1061.22 2.32037 
E -2.63664 516.873 1144.19 1.51967
F 1333.62 1081.84 2.51626 
E -2.59674 497.896 1133.09 1.53427
F 1298.69 1095.64 2.70764 
E -2.56006 482.655 1117.7 1.54813
F 1262.36 1102.69 2.89228 
E -2.52733 471.168 1098.9 1.5611
F 1222.96 1106.5 3.01386 
E -2.49623 462.287 1076.54 1.56985
F 1222.96 1106.5 3.01386 
E -2.49623 462.287 1076.54 1.56985
F 1178.15 1112.37 3.01161 
E -2.46394 455.516 1051.82 1.57647
F 1134.01 1118.02 3.01386 
E -2.43463 452.59 1030.04 1.58286
F 1089.71 1123.71 3.01386 
E -2.4083 454.224 1010.56 1.58928
F 1089.71 1123.71 3.01386 
E -2.4083 454.224 1010.56 1.58928
F 1044.55 1129.63 3.01161 
E -2.3852 461.296 993.066 1.59592
F 1000.06 1135.33 3.01386 
E -2.36678 474.002 977.997 1.60234
F 955.597 1141.16 3.01161 
E 0.788202 492.493 964.944 1.60872
F 955.597 1141.16 3.01161 
E 0.788202 492.493 964.944 1.60872
F 911.648 1146.9 3.01161 
E 0.795618 516.251 953.953 1.61494
F 867.164 1152.6 3.01386 
E 0.795832 545.304 944.708 1.62128
F 822.698 1158.43 3.01161 
E 0.78674 578.699 937.443 1.62759
F 778.214 1164.13 3.01386 
E -2.37639 615.509 932.394 1.63388
F 733.747 1169.96 3.01161 
E -2.41525 654.542 930.075 1.64015
F 733.747 1169.96 3.01161 
E -2.41525 654.542 930.075 1.64015
F 689.106 1175.79 3.01161 
E -2.4789 694.367 931.497 1.64644
F 644.811 1181.58 3.01161 
E -2.57507 732.139 938.401 1.6526
F 600.17 1187.42 3.01161 
E -2.70809 765.241 953.612 1.65885
F 600.17 1187.42 3.01161 
E -2.70809 765.241 953.612 1.65885
F 555.469 1192.78 3.02062 
E -2.86033 790.073 979.817 1.66508
F 510.698 1189.24 3.19174 
E -2.98953 802.124 1017.84 1.67801
F 472.368 1173.15 3.47544 
E -3.0546 799.49 1059.88 1.70165
F 445.65 1152.42 3.70961 
E -3.06895 788.888 1094.48 1.71746
F 445.65 1152.42 3.70961 
E -3.06895 788.888 1094.48 1.71746
F 424.078 1125.47 3.94828 
E -3.05857 772.554 1126.85 1.73374
F 409.78 1095.44 4.17569 
E -3.03275 753.045 1153.3 1.74846
F 402.705 1062.37 4.40986 
E -2.99625 730.648 1174.12 1.76385
F 402.705 1062.37 4.40986 
E -2.99625 730.648 1174.12 1.76385
F 403.786 1027.84 4.65304 
E -2.95219 706.212 1188.16 1.78018
F 412.465 995.542 4.8827 
E -2.90581 682.139 1194.43 1.79478
F 428.124 966.193 5.11011 
E -2.85832 658.874 1193.63 1.809
F 449.314 941.506 5.32852 
E -2.81219 637.676 1186.38 1.82213
F 449.314 941.506 5.32852 
E -2.81219 637.676 1186.38 1.82213
F 475.91 921.831 5.55368 
E -2.76711 618.531 1173.05 1.8359
F 506.512 908.39 5.77884 
E -2.72483 602.279 1154.29 1.84962
F 545.897 889.976 5.83513 
E -2.67339 584.314 1127.15 1.85549
F 545.897 889.976 5.83513 
E -2.67339 584.314 1127.15 1.85549
F 586.053 870.805 5.83738 
E -2.62396 569.106 1101.96 1.86092
F 626.359 851.543 5.83738 
E -2.57763 558.105 1080.03 1.86638
F 666.98 832.131 5.83738 
E -2.53468 552.841 1060.97 1.87191
F 706.971 813.02 5.83738 
E -2.4962 554.648 1044.79 1.87725
F 706.971 813.02 5.83738 
E -2.4962 554.648 1044.79 1.87725
F 747.592 793.608 5.83738 
E -2.4609 564.506 1030.61 1.88275
F 788.213 774.195 5.83738 
E -2.42923 582.871 1018.36 1.88823
F 828.519 754.934 5.83738 
E -2.40112 609.415 1007.82 1.89361
F 869.14 735.521 5.83738 
E -2.37586 644.048 998.574 1.89906
F 869.14 735.521 5.83738 
E -2.37586 644.048 998.574 1.89906
F 911.955 720.315 5.92745 
E -2.35664 685.407 989.475 1.90624
F 955.562 709.521 6.02427 
E 0.789369 730.402 979.888 1.91353
F 1000.01 702.993 6.12109 
E -2.37671 777.351 970.541 1.92079
F 1000.01 702.993 6.12109 
E -2.37671 777.351 970.541 1.92079
F 1044.69 700.694 6.21566 
E -2.46327 822.738 963.878 1.92789
F 1089.75 702.619 0.0270378 
E -2.67569 859.371 966.831 1.93505
F 1133.88 708.867 0.123857 
E -2.95888 874.429 990.766 1.94215
F 1133.88 708.867 0.123857 
E -2.95888 874.429 990.766 1.94215
F 1177.25 719.957 0.231935 
E -3.12406 869.989 1033.33 1.94972
F 1217.8 739.795 0.423322 
E 3.10663 854.736 1082.64 1.96228
F 1253.54 766.811 0.614709 
E 3.1118 833.013 1130.8 1.97468
F 1282.58 796.797 0.767818 
E 3.14007 809.46 1172.78 1.98375
F 1282.58 796.797 0.767818 
E 3.14007 809.46 1172.78 1.98375
F 1306.95 829.77 0.902915 
E -3.10509 784.801 1210.88 1.99161
F 1326.27 865.353 1.04026 
E -3.06196 759.759 1245.1 1.99946
F 1340.55 904.564 1.18887 
E -3.0135 733.731 1276.15 2.00815
F 1353.73 945.45 1.24741 
E -2.96258 707.864 1305.74 2.01349
F 1353.73 945.45 1.24741 
E -2.96258 707.864 1305.74 2.01349
F 1367.92 987.807 1.24741 
E -2.91244 683.646 1338.05 2.01853
F 1382.12 1030.16 1.24741 
E -2.86571 662.777 1373.49 2.02357
F 1396.2 1072.19 1.24741 
E -2.82202 645.396 1411.67 2.02851
F 1396.2 1072.19 1.24741 
E -2.82202 645.396 1411.67 2.02851
F 1410.45 1115.08 1.24966 
E -2.77973 630.972 1453.6 2.03364
F 1424.44 1157.14 1.24966 
E -2.74018 619.878 1497.6 2.03856
F 1438.65 1199.86 1.24966 
E -2.70185 611.458 1545.21 2.04363
F 1452.86 1242.58 1.24966 
E -2.66529 605.602 1595.7 2.04868
F 1452.86 1242.58 1.24966 
E -2.66529 605.602 1595.7 2.04868
F 1466.97 1284.96 1.24966 
E -2.6307 601.997 1648.54 2.05364
F 1477.26 1329.02 1.32847 
E -2.59591 600.213 1702.71 2.05988
F 1483.13 1373.38 1.42304 
E -2.56011 600.198 1754.4 2.06651
F 1483.13 1373.38 1.42304 
E -2.56011 600.198 1754.4 2.06651
F 1484.65 1417.93 1.51986 
E -2.52296 602.049 1803.28 2.07315
F 1481.86 1463.12 1.61668 
E -2.48394 605.963 1849.97 2.07993
F 1474.92 1506.97 1.71124 
E -2.4446 611.859 1892.72 2.08642
F 1474.92 1506.97 1.71124 
E -2.4446 611.859 1892.72 2.08642
F 1460.07 1549.71 1.87786 
E -2.40298 620.149 1930.43 2.09654
F 1437.42 1588.55 2.067 
E -2.35958 630.948 1958.39 2.10803
F 1410.14 1621.32 2.23137 
E 0.824609 643.602 1975.4 2.11736
F 1380.09 1650.66 2.34395 
E 0.867339 658.217 1985.16 2.12392
F 1380.09 1650.66 2.34395 
E 0.867339 658.217 1985.16 2.12392
F 1348.65 1682.88 2.34395 
E 0.91361 675.906 1994.74 2.12878
F 1317.7 1714.6 2.34395 
E 0.959336 694.89 2007.9 2.13348
F 1283.83 1744.07 2.41375 
E 1.00586 715.442 2022.22 2.13917
F 1247.55 1769.95 2.50606 
E 1.05248 737.075 2033.73 2.14543
F 1247.55 1769.95 2.50606 
E 1.05248 737.075 2033.73 2.14543
F 1208.41 1792.36 2.60513 
E 1.10017 760.039 2041.41 2.15203
F 1167.15 1810.98 2.70195 
E 1.14857 783.959 2044.96 2.15856
F 1124.8 1825.43 2.79652 
E 1.19695 808.239 2044.52 2.16488
F 1124.8 1825.43 2.79652 
E 1.19695 808.239 2044.52 2.16488
F 1081.08 1835.76 2.89334 
E 1.24607 833.041 2040.09 2.1713
F 1037.1 1841.83 2.98791 
E 1.29519 857.779 2031.79 2.17751
F 991.52 1843.72 3.08473 
E 1.34632 883.24 2019.28 2.18404
F 947.537 1841.31 3.1793 
E 1.39637 907.686 2003.39 2.19015
F 947.537 1841.31 3.1793 
E 1.39637 907.686 2003.39 2.19015
F 902.936 1834.66 3.27386 
E 1.44842 932.405 1983.37 2.19645
F 858.869 1823.54 3.37293 
E 1.50178 956.826 1959.37 2.20297
F 816.381 1808.44 3.4675 
E 1.5558 980.411 1931.86 2.20924
F 816.381 1808.44 3.4675 
E 1.5558 980.411 1931.86 2.20924
F 776.042 1789.47 3.56432 
E 1.61042 1002.93 1901.19 2.21545
F 737.415 1766.53 3.66114 
E 1.66693 1024.68 1866.83 2.22173
F 700.972 1739.98 3.75571 
E 1.72553 1045.4 1829.16 2.22794
F 667.75 1710.52 3.85028 
E 1.78554 1064.56 1789.23 2.234
F 667.75 1710.52 3.85028 
E 1.78554 1064.56 1789.23 2.234
F 636.049 1679 3.91332 
E 1.84971 1082.57 1747.56 2.23924
F 603.824 1647.81 3.91107 
E 1.92126 1099.47 1708.56 2.24382
F 571.486 1616.49 3.91107 
E 2.00293 1114.79 1675.59 2.24842
F 571.486 1616.49 3.91107 
E 2.00293 1114.79 1675.59 2.24842
F 539.4 1585.41 3.91107 
E 2.09415 1127.45 1649.99 2.25294
F 507.269 1554.12 3.91332 
E 2.19508 1136.58 1632.43 2.25749
F 475.045 1522.93 3.91107 
E 2.30263 1141.24 1624.13 2.26203
F 442.456 1491.37 3.91107 
E 2.41346 1140.9 1625.79 2.26666
F 442.456 1491.37 3.91107 
E 2.41346 1140.9 1625.79 2.26666
F 413.568 1456.98 3.99888 
E 2.52066 1135.64 1633.31 2.27251
F 388.631 1420.67 4.09345 
E 2.62205 1126.08 1641.81 2.27838
F 366.675 1381.08 4.19027 
E 2.72171 1112.2 1650.92 2.28455
F 366.675 1381.08 4.19027 
E 2.72171 1112.2 1650.92 2.28455
F 348.622 1339.76 4.28484 
E 2.81609 1094.84 1660.02 2.29059
F 332.918 1297.91 4.34338 
E 2.90449 1074.79 1670.23 2.29561
F 316.63 1256.12 4.34113 
E 2.98674 1052.67 1685.25 2.30008
F 300.595 1214.61 4.34338 
E 3.06108 1029.73 1706.52 2.30446
F 300.595 1214.61 4.34338 
E 3.06108 1029.73 1706.52 2.30446
F 284.482 1172.95 4.34338 
E 3.12889 1006.5 1733.42 2.30887
F 268.194 1131.16 4.34113 
E -3.09245 983.688 1765.6 2.31331
F 252.033 1089.33 4.34338 
E -3.03601 961.869 1802.36 2.31774
F 252.033 1089.33 4.34338 
E -3.03601 961.869 1802.36 2.31774
F 235.495 1046.89 4.34113 
E -2.98343 941.099 1843.97 2.3223
F 219.415 1005.59 4.34113 
E -2.93624 922.471 1888.37 2.32661
F 203.253 963.752 4.34338 
E -2.89188 905.32 1936.79 2.33101
F 203.253 963.752 4.34338 
E -2.89188 905.32 1936.79 2.33101
F 187.015 921.762 4.34338 
E -2.85034 889.871 1988.72 2.33544
F 170.728 879.977 4.34113 
E -2.81166 876.262 2043.72 2.33983
F 154.566 838.142 4.34338 
E -2.77538 864.362 2101.73 2.34421
F 138.911 797.983 4.34113 
E -2.74254 854.456 2160.17 2.34825
F 136.639 791.939 4.34338 
E -2.73779 853.092 2169.14 2.34834
F 136.639 791.939 4.34338 
E -2.73779 853.092 2169.14 2.34834
F 136.639 791.939 4.34338 
E -2.73779 853.092 2169.14 2.34834
F 136.639 791.939 4.34338 
E -2.73779 853.092 2169.14 2.34834
F 136.639 791.939 4.34338 
E -2.73779 853.092 2169.14 2.34834
F 136.639 791.939 4.34338 
E -2.73779 853.092 2169.14 2.34834
F 136.639 791.939 4.34338 
E -2.73779 853.092 2169.14 2.34834
F 136.639 791.939 4.34338 
E -2.73779 853.092 2169.14 2.34834
